-0.12673,-0.045678,-0.99089
0.1627,-0.17072,-0.9718
-0.15171,0.24173,-0.95841
0.090004,0.082164,-0.99255
-0.33597,-0.58372,-0.73919
-0.090912,-0.53973,-0.83692
0.14723,-0.66143,-0.73542
0.39205,-0.53953,-0.74512
-0.51539,-0.38603,-0.76508
-0.28416,-0.35167,-0.89195
-0.065086,-0.29766,-0.95245
0.15707,-0.44061,-0.88385
0.39097,-0.29634,-0.87139
0.60169,-0.33635,-0.72446
-0.65948,-0.17576,-0.73088
-0.40953,-0.15262,-0.89944
0.37443,-0.017099,-0.9271
0.59848,-0.075014,-0.79762
-0.57368,0.049131,-0.8176
-0.36079,0.11211,-0.92588
0.30312,0.20622,-0.93037
0.55674,0.19055,-0.80854
-0.56612,0.29015,-0.77157
-0.35927,0.39256,-0.84665
-0.10589,0.50577,-0.85614
0.093371,0.35387,-0.93062
0.36392,0.41892,-0.83191
-0.32266,0.6162,-0.71846
-0.054769,0.70916,-0.70292
0.16009,0.57363,-0.80331
-0.35062,-0.77544,-0.52512
-0.12504,-0.74175,-0.65891
0.11953,-0.82397,-0.55388
0.3781,-0.76566,-0.52039
-0.55701,-0.59733,-0.577
0.56188,-0.58477,-0.58509
0.74898,-0.43007,-0.50405
-0.73413,-0.37174,-0.56821
0.78005,-0.18362,-0.59818
-0.84083,-0.11646,-0.52863
0.76664,0.092473,-0.63539
-0.75152,0.096644,-0.65259
0.72953,0.37801,-0.56999
-0.74707,0.36104,-0.55815
-0.56493,0.51325,-0.64609
0.55064,0.45059,-0.70268
-0.49535,0.70743,-0.50415
-0.26531,0.79761,-0.54168
0.37306,0.65324,-0.65887
0.60122,0.62489,-0.49805
-0.047063,0.8791,-0.47431
0.16717,0.7849,-0.59664
-0.53241,-0.77709,-0.33567
-0.30196,-0.91421,-0.27027
-0.10785,-0.89735,-0.42793
0.15258,-0.93264,-0.32696
0.43997,-0.85742,-0.26693
0.63463,-0.67749,-0.37182
-0.74534,-0.55268,-0.37284
0.81887,-0.52376,-0.23481
-0.88913,-0.29896,-0.34651
0.89816,-0.28757,-0.33258
-0.96121,-0.034316,-0.27369
0.90484,-0.03296,-0.42446
-0.88906,0.14668,-0.43365
0.86411,0.27147,-0.42381
-0.85058,0.42343,-0.31181
0.78119,0.52958,-0.33058
-0.69729,0.60189,-0.38925
-0.56203,0.78881,-0.24879
0.62438,0.74222,-0.24341
-0.32626,0.88556,-0.33066
-0.10151,0.97098,-0.21655
0.1645,0.9241,-0.34493
0.3971,0.80576,-0.43938
-0.035629,-0.98786,-0.15123
0.25234,-0.96319,-0.092637
-0.49999,-0.86266,-0.076309
-0.25087,-0.96782,-0.019702
0.47918,-0.87732,0.026435
0.65722,-0.74222,-0.13105
-0.70899,-0.68864,-0.152
0.82777,-0.5607,0.019979
-0.87444,-0.46151,-0.14956
0.94214,-0.33501,-0.011393
-0.97851,-0.1837,-0.093656
0.98193,-0.11325,-0.15162
-0.95604,0.22564,-0.18727
0.95752,0.13126,-0.25677
-0.90692,0.42072,-0.022005
0.90814,0.38833,-0.15648
-0.77641,0.62062,-0.10967
0.7933,0.60608,-0.057765
-0.60423,0.79676,0.0093184
-0.35986,0.92919,-0.084252
0.1094,0.99091,-0.078268
0.35249,0.9357,0.014649
0.42105,0.88461,-0.20044
0.59589,0.80159,0.048713
-0.18159,-0.95273,0.24357
0.024224,-0.99363,0.11005
-0.64267,-0.75458,0.13258
-0.41889,-0.89041,0.17808
0.26447,-0.94905,0.17136
0.66926,-0.73037,0.1366
-0.80414,-0.5884,0.08451
0.79993,-0.53134,0.2789
-0.91675,-0.38157,0.11817
0.91858,-0.30521,0.25112
-0.97624,-0.15145,0.15499
0.99062,-0.079025,0.11152
-0.99675,0.078632,0.017254
0.98883,0.14735,-0.022214
-0.92378,0.31611,0.21611
0.91915,0.38224,0.095119
-0.78227,0.59731,0.17683
0.77031,0.61281,0.1763
-0.5756,0.77397,0.26392
-0.38391,0.90798,0.1679
-0.1411,0.98837,0.056781
0.10581,0.9792,0.17311
0.35913,0.89912,0.25023
0.5751,0.74759,0.33222
-0.56211,-0.73635,0.3766
-0.3249,-0.83808,0.43825
-0.018755,-0.90173,0.4319
0.23908,-0.88192,0.40626
0.48454,-0.82014,0.3043
-0.79042,-0.50626,0.34487
-0.63291,-0.56589,0.52838
0.64188,-0.63943,0.42323
-0.89262,-0.24839,0.3762
0.79513,-0.36441,0.48474
-0.95228,0.041008,0.30246
0.91718,-0.086947,0.38887
-0.86984,0.17217,0.46231
0.95627,0.14554,0.2537
-0.80772,0.43122,0.40205
0.8593,0.36525,0.35804
-0.63487,0.64049,0.4321
0.72246,0.55928,0.40652
-0.36979,0.81689,0.44266
-0.14796,0.93314,0.32765
0.12848,0.90358,0.40871
0.37064,0.78622,0.49445
-0.39768,-0.66802,0.62897
-0.143,-0.75454,0.64049
0.11917,-0.76103,0.63768
-0.53352,-0.43974,0.72248
-0.25996,-0.53396,0.80455
0.38401,-0.73114,0.56389
0.56507,-0.53202,0.63059
-0.74982,-0.31993,0.57915
-0.59635,-0.19272,0.77925
0.66204,-0.31439,0.68034
-0.80232,-0.050847,0.59472
0.77737,-0.091885,0.6223
-0.73263,0.25552,0.63084
0.84265,0.14703,0.518
-0.62741,0.45345,0.63304
0.70728,0.35706,0.61013
-0.46046,0.61323,0.64181
-0.25598,0.7152,0.65035
0.35345,0.60855,0.71045
0.56516,0.57928,0.58739
-0.075266,0.82825,0.55527
0.15124,0.75264,0.64083
0.0065864,-0.58174,0.81335
0.30515,-0.57743,0.75727
-0.36736,-0.28476,0.88542
-0.11272,-0.33909,0.93398
0.17339,-0.39181,0.90356
0.44659,-0.35464,0.82145
-0.63738,0.068501,0.7675
-0.42849,-0.0032549,0.90354
-0.18771,-0.072516,0.97954
0.071403,-0.16492,0.98372
0.34927,-0.13928,0.92661
0.57341,-0.088645,0.81446
-0.5026,0.29106,0.81405
-0.28234,0.21951,0.93386
-0.012871,0.12567,0.99199
0.21719,0.053589,0.97466
0.43938,0.14912,0.88584
0.65026,0.15032,0.74469
-0.3004,0.47564,0.82675
-0.056092,0.37387,0.92578
0.21781,0.30699,0.92645
0.45768,0.39152,0.79827
-0.060648,0.62448,0.77868
0.16846,0.52292,0.83557
