-0.0508    0.0840   -0.9952
   -0.2996   -0.7017   -0.6464
    0.0958   -0.6222   -0.7770
    0.4860   -0.5764   -0.6570
   -0.5987   -0.3414   -0.7246
   -0.2112   -0.3303   -0.9199
    0.2579   -0.2468   -0.9341
    0.6896   -0.1997   -0.6961
   -0.8475   -0.0224   -0.5302
   -0.5129    0.0683   -0.8557
    0.4277    0.1237   -0.8954
    0.7587    0.2173   -0.6141
   -0.6506    0.4401   -0.6189
   -0.2902    0.4857   -0.8246
    0.1200    0.4459   -0.8870
    0.4908    0.5660   -0.6624
    0.0855    0.7804   -0.6195
   -0.6689   -0.6147   -0.4180
   -0.3723   -0.8911   -0.2593
    0.1067   -0.8863   -0.4506
    0.5220   -0.7978   -0.3016
   -0.9093   -0.3485   -0.2274
    0.8268   -0.4428   -0.3469
   -0.9044    0.3204   -0.2818
    0.9514    0.0179   -0.3074
   -0.6828    0.6948   -0.2259
    0.8009    0.5088   -0.3156
   -0.3647    0.8078   -0.4630
    0.0161    0.9717   -0.2358
    0.4503    0.8332   -0.3210
    0.0042   -0.9982   -0.0600
   -0.7192   -0.6946    0.0182
   -0.3725   -0.9076    0.1936
    0.3942   -0.9162    0.0718
    0.7533   -0.6530    0.0781
   -0.9041   -0.3425    0.2554
    0.9691   -0.2456    0.0221
   -0.9994   -0.0012   -0.0332
    0.9411    0.0084    0.3381
   -0.8931    0.4313    0.1280
    0.9526    0.3024    0.0321
   -0.6158    0.7625    0.1984
   -0.3129    0.9497    0.0110
    0.3473    0.9347    0.0761
    0.7084    0.7002    0.0890
   -0.6308   -0.6218    0.4641
   -0.2515   -0.7695    0.5871
    0.0837   -0.9200    0.3829
    0.4965   -0.7293    0.4708
   -0.6920   -0.2532    0.6760
    0.7955   -0.3917    0.4624
   -0.9029    0.0778    0.4228
    0.7206    0.0211    0.6930
   -0.6889    0.5006    0.5243
    0.7765    0.4241    0.4661
   -0.3296    0.7973    0.5056
    0.0260    0.9442    0.3284
    0.4387    0.7598    0.4798
    0.1300   -0.6438    0.7541
   -0.3205   -0.4495    0.8338
    0.0491   -0.2478    0.9676
    0.4848   -0.3886    0.7835
   -0.6194    0.1590    0.7688
   -0.3184   -0.0176    0.9478
    0.0352    0.2618    0.9645
    0.3598    0.0060    0.9330
   -0.3224    0.4743    0.8192
    0.0782    0.6745    0.7341
    0.4520    0.4102    0.7921
